                     CLIMATOLOGICAL SUMMARY for year 2015


NAME: Stapleton, Bristol                  
ELEV: 42 meters    LAT: 51-27.00 N    LONG: 002-35.00 W


                                       TEMPERATURE (C)

                              HEAT    COOL                              MAX    MAX    MIN    MIN
          MEAN   MEAN         DEG     DEG                                >=     <=     <=     <=
 YR  MO   MAX    MIN    MEAN  DAYS    DAYS      HI  DAY     LOW  DAY     30      0      0    -20
------------------------------------------------------------------------------------------------
2015 01    8.8    2.8    5.9  165.9    0.0    13.6   09    -3.6   23      0      0      6      0
2015 02    7.7    1.8    4.6  168.8    0.0    11.7   25    -2.7   09      0      0     10      0
2015 03   10.8    3.7    7.1  144.9    0.0    15.2   07     0.0   05      0      0      1      0
2015 04   14.8    5.7   10.2   29.9    0.0    19.4   09     2.8   06      0      0      0      0
2015 05
2015 06
2015 07
2015 08
2015 09
2015 10
2015 11
2015 12
------------------------------------------------------------------------------------------------
           9.7    3.1    6.3  509.5    0.0    19.4  Apr    -3.6  Jan      0      0     17      0


                  PRECIPITATION (mm)

                  MAX         ---DAYS OF RAIN---
                  OBS.               OVER
 YR  MO  TOTAL    DAY  DATE   0.30   3.00  30.00
------------------------------------------------
2015 01   73.4   13.4    03     20      9      0
2015 02   32.0    8.6    19     11      4      0
2015 03   26.6    6.4    13     11      4      0
2015 04    7.2    3.8    03      2      2      0
2015 05
2015 06
2015 07
2015 08
2015 09
2015 10
2015 11
2015 12
------------------------------------------------
         139.2   13.4   Jan     44     19      0


           WIND SPEED (km/h)

                                DOM
 YR  MO    AVG     HI   DATE    DIR
-----------------------------------
2015 01    6.5   61.2     09    243 
2015 02    3.9   51.5     22    238 
2015 03    5.7  313.8     24    250 
2015 04    2.9   38.6     01    279 
2015 05
2015 06
2015 07
2015 08
2015 09
2015 10
2015 11
2015 12
-----------------------------------
           5.2  313.8    Mar    245

