                     CLIMATOLOGICAL SUMMARY for year 2014


NAME: Stapleton, Bristol                  
ELEV: 40 meters    LAT: 51-27.00 N    LONG: 002-35.00 W


                                       TEMPERATURE (C)

                              HEAT    COOL                              MAX    MAX    MIN    MIN
          MEAN   MEAN         DEG     DEG                                >=     <=     <=     <=
 YR  MO   MAX    MIN    MEAN  DAYS    DAYS      HI  DAY     LOW  DAY     30      0      0    -20
------------------------------------------------------------------------------------------------
2014 01
2014 02    9.5    4.3    6.9  110.5    0.0    11.8   14     1.6   10      0      0      0      0
2014 03   11.9    4.4    7.9  130.8    0.0    19.1   30    -1.2   24      0      0      2      0
2014 04   14.7    7.0   10.7   80.1    0.0    18.3   21     2.1   19      0      0      0      0
2014 05   17.0    9.2   13.0   46.3    3.4    24.4   19     5.2   03      0      0      0      0
2014 06   20.8   11.8   16.4    8.1   16.7    26.8   23     8.6   06      0      0      0      0
2014 07   23.8   13.9   19.0    0.3   57.6    29.0   24    10.2   14      0      0      0      0
2014 08   19.7   12.9   16.3    0.3    5.3    22.2   04    10.3   31      0      0      0      0
2014 09   20.9   11.6   16.0    6.3   14.7    24.3   18     5.6   22      0      0      0      0
2014 10   16.0   10.3   13.1   43.3    2.6    21.2   31     4.3   05      0      0      0      0
2014 11   11.8    6.2    9.0  108.2    0.0    17.4   01    -0.8   25      0      0      2      0
2014 12    9.3    3.2    6.3  158.5    0.0    12.7   18    -4.1   30      0      0      7      0
------------------------------------------------------------------------------------------------
          15.7    8.3   11.9  692.8  100.4    29.0  Jul    -4.1  Dec      0      0     11      0


                  PRECIPITATION (mm)

                  MAX         ---DAYS OF RAIN---
                  OBS.               OVER
 YR  MO  TOTAL    DAY  DATE   0.30   3.00  30.00
------------------------------------------------
2014 01
2014 02   68.8    9.2    09     20     10      0
2014 03   38.2   13.2    02     11      4      0
2014 04   58.8   11.2    27     12      7      0
2014 05   88.4   21.6    22     19     11      0
2014 06   45.2   28.4    04      5      3      0
2014 07   36.8   27.4    19      6      2      0
2014 08   34.0    7.2    26      9      5      0
2014 09   14.6    6.4    18      6      2      0
2014 10   80.2   13.6    14     21      9      0
2014 11   99.2   13.8    25     19     11      0
2014 12   38.0    6.8    26     13      6      0
------------------------------------------------
         602.2   28.4   Jun    141     70      0


           WIND SPEED (km/h)

                                DOM
 YR  MO    AVG     HI   DATE    DIR
-----------------------------------
2014 01
2014 02    9.5   66.0     12    214 
2014 03    5.4   45.1     18    210 
2014 04    4.7   41.8     26    196 
2014 05    5.1   62.8     10    231 
2014 06    2.9   27.4     03    278 
2014 07    3.5   33.8     04    264 
2014 08    5.1   37.0     29    213 
2014 09    2.1   30.6     25     47 
2014 10    5.1   59.5     21    209 
2014 11    3.8   46.7     13    141 
2014 12    5.5   51.5     09    251 
-----------------------------------
           4.7   66.0    Feb    220

